462
1339
2220
2621
790
259
1601
2171
43
1051
2757
101
2703
886
100
247
2871
2178
411
1118
851
2028
1818
2951
2833
1445
2559
2738
6
569
1564
444
1656
2722
1456
2053
2305
2874
482
1368
2294
1689
62
2404
405
2830
348
670
930
2109
2015
1500
1414
608
2449
1888
869
433
2200
158
2108
493
983
2599
1004
112
2935
653
1874
2960
2851
518
2303
364
2475
1636
1220
1265
1354
1825
1202
2369
2986
2781
532
805
2888
913
1258
2213
1272
2787
1389
61
1121
2809
1396
1712
105
457
252
791
2198
2453
1909
2178
83
43
900
1330
662
1706
165
1502
1570
2415
1249
1231
144
145
1717
1714
2411
792
340
2081
831
2730
1925
1720
1478
1910
1520
1742
1384
941
2685
1579
1817
1937
1810
699
1332
183
1440
1776
2666
1656
625
2544
2834
2285
220
1122
1786
1630
93
2864
1996
388
1912
53
2588
1688
2825
1048
1337
1932
2010
845
2773
1276
1858
1138
968
388
958
1810
874
216
2873
1085
1218
1364
2840
2709
2572
808
2067
273
9
2087
2701
2067
2760
142
17
956
1929
2745
1156
2626
1787
1577
1833
708
1799
395
937
1641
209
2622
2403
1945
2735
1292
584
1228
632
2359
1132
789
1208
841
2656
69
606
2018
1257
429
1944
247
1535
2014
1001
2215
2336
1803
406
159
575
856
1208
2244
2361
1245
761
410
328
1501
2792
463
379
229
1815
2767
870
515
1880
1527
1979
585
203
1619
1066
2402
1004
557
532
940
24
246
31
1839
1792
997
254
2709
947
1687
2906
1240
2621
742
2739
2557
509
1720
950
1929
725
2739
1473
1801
1632
1779
1216
1927
2227
1435
1931
2444
1978
1514
447
1
2240
88
1924
2744
894
487
1127
686
2966
2704
1034
2894
1030
2041
1841
1277
1855
2747
40
2963
1723
1831
2333
511
2850
784
2109
294
348
1572
740
345
1257
2692
1896
672
286
1535
1171
919
966
264
2914
299
2908
27
2230
1949
1553
2969
493
35
2849
1146
2766
747
2648
596
153
2807
2325
154
317
2294
2717
479
1764
899
2965
1013
1286
1059
1890
467
2329
2922
779
2709
1917
1638
2481
529
1564
1099
1273
2730
1593
885
2838
1087
2998
1750
2013
2271
2369
590
2945
1272
424
1375
78
255
2240
1481
1850
1229
297
1031
1566
971
1522
2006
857
2535
745
1735
541
638
1752
1810
461
2327
2135
2330
2577
2323
2060
581
795
2161
1191
2573
1539
995
1032
1453
1637
2164
2059
875
899
1391
646
2318
2365
2242
2328
2389
125
873
1937
2273
384
2891
1643
2035
874
2007
2478
527
292
533
2693
1787
1026
524
396
1635
1373
2124
253
2267
2221
1651
1091
1874
1001
1025
319
1633
558
611
1558
2527
337
1246
1452
416
2795
1860
1196
2992
541
940
2417
1708
1982
1552
1840
1046
371
1121
1054
2115
1419
1468
1135
1075
665
809
680
2962
428
330
2189
1528
369
2198
959
433
1175
1300
113
817
465
2229
512
2700
2311
243
717
2159
2242
1614
1042
2869
1984
9
1964
2133
699
2201
1263
527
2030
1651
1816
2931
1826
1998
118
493
2717
2098
2668
1525
536
2406
1164
737
2723
242
1356
1264
1300
1134
2129
1666
482
1118
2592
1860
41
558
222
691
1128
2849
748
1469
1538
2009
430
290
1925
1644
1617
2617
2490
320
807
2081
513
957
1579
1755
725
1394
1369
1891
349
2748
1800
2577
2510
1380
2737
947
2852
2354
1745
2133
1544
1437
2330
794
2016
304
491
1748
1283
64
463
402
1700
2533
1527
45
1361
1334
2974
1036
2701
364
454
146
1823
1663
1435
1386
2486
1707
2789
1116
2487
2588
80
2642
2671
1588
493
2059
1002
2738
1132
1184
2455
2533
594
1049
528
282
2978
653
134
2731
932
606
1235
2419
676
346
812
2563
321
2041
2433
394
738
1515
1902
520
1081
2104
14
2716
741
707
2490
571
1233
906
269
529
2925
1879
1957
2734
1969
27
2783
1666
2800
190
2635
2885
1204
452
837
2219
1443
1173
2271
1466
1527
2186
1126
2277
1793
779
1927
2216
2936
2003
1865
1288
1180
369
2805
893
2196
2615
1292
2171
1379
2206
2997
1282
2891
2952
19
880
2538
2968
1087
707
1192
2472
883
2013
1845
2014
530
468
625
1630
649
258
1684
2399
309
2581
934
862
2421
445
1458
624
2868
361
2144
635
345
2838
1344
1801
1580
2298
2689
830
2761
765
159
477
2730
2345
2067
525
1723
1769
2755
299
1215
968
2018
2216
2477
851
2448
2558
1681
2505
1679
1538
2574
2890
616
1235
2147
1990
2448
2372
357
2918
2546
1159
375
955
161
1128
1412
1925
2817
2460
2843
1232
1760
167
2440
2166
754
2246
1924
247
497
2896
760
2096
2794
825
2692
63
2229
669
1420
1909
2642
2703
512
1824
1524
934
1798
418
111
754
2447
232
845
636
2776
1288
2800
1622
2364
1601
2481
857
909
2491
475
1131
1099
1331
1180
2276
2808
1263
2490
570
2522
1608
2080
162
2394
618
1394
750
2700
2915
2912
2406
1233
1283
2717
399
2138
2046
1926
1423
1577
1183
2833
2397
1087
287
419
2384
180
1327
2425
154
1614
2406
718
570
1026
629
1973
559
2246
1034
256
24
1867
389
1812
1789
2386
625
673
1003
484
2725
2252
1137
1164
2601
364
55
1313
2661
2395
1048
1037
605
596
2906
2297
991
197
2630
286
2579
82
204
2405
1982
1060
1156
619
1144
7
1345
803
1096
427
1854
2624
1085
335
2166
2296
927
1551
1205
118
376
597
2520
1029
2201
1094
865
891
1547
1926
2065
276
2422
248
1435
1617
2380
929
2013
2015
2856
845
937
2038
2360
2640
2117
1040
1200
771
289
2237
260
411
1881
1569
597
2776
1667
876
2876
2253
2278
1219
1286
2516
2064
2238
1455
80
2469
2683
1017
505
1872
2641
390
1187
399
157
2931
2648
1657
1898
1374
869
1828
2603
2058
777
164
988
2898
1662
2064
1806
2160
1411
757
2375
1776
1624
2395
1987
2414
236
2270
2714
264
242
886
2069
2814
1853
1412
770
2180
3000
1255
2578
726
1427
2249
2997
1107
1210
653
1305
719
2066
789
792
1448
1323
1741
2016
2752
728
2736
1338
130
288
1290
2849
921
1841
429
420
2679
1669
2076
222
1523
1347
1157
2506
213
1940
1079
1193
489
1934
531
2783
384
680
2907
2692
1987
765
2176
1866
1440
443
1152
1481
866
2844
586
1352
2797
2186
2517
1433
469
170
1574
1441
1824
792
2175
2916
1355
2363
454
2653
1082
1736
2813
2938
72
2691
896
1386
2087
1785
2180
889
1336
1258
877
141
1478
2178
2923
1029
1069
1317
2376
1193
413
2588
2006
833
1915
1834
1099
657
2388
919
1183
2203
2343
1572
671
1257
1915
790
2733
194
2257
96
2230
2473
274
2061
2591
2295
194
1854
380
170
1416
2031
424
452
2137
2896
1444
2857
497
2891
268
1303
138
1934
2079
235
592
2662
2950
2180
1946
965
2234
1522
1393
590
825
1889
135
2968
2228
819
2713
167
785
283
1217
1478
961
2656
626
150
896
1495
81
1258
462
2046
2489
1860
966
1805
787
1530
2031
1569
2979
287
2638
1397
1714
804
2329
1160
2212
1730
1020
2353
1619
2079
1669
729
1097
2603
2774
1648
1186
480
1398
1909
2274
2640
1428
1761
1211
2531
62
2561
1588
2583
2425
254
2558
1072
1194
627
1066
2951
2142
2016
626
2730
1097
1668
722
796
566
328
1814
1361
2463
1836
1076
2081
1055
2936
0
315
631
1266
840
2743
2386
1565
1893
2043
2663
2546
2731
1525
242
2478
2561
647
2790
2117
2884
997
151
2409
2842
1045
442
2095
2840
2478
2342
2526
202
744
620
2987
69
12
1603
1221
605
990
1991
2863
661
1697
1469
2232
1309
1088
592
557
1499
79
2475
389
2815
1029
1946
2183
1211
1388
2069
2103
1026
1741
2220
1023
1494
1462
1862
1491
1726
510
1424
1524
785
2772
866
1848
1544
2492
639
2855
1977
14
619
1983
2130
1153
1564
2712
2505
1826
2961
1095
33
354
437
149
2180
2152
1369
2847
1163
1200
705
846
225
226
2056
2244
1272
358
2062
1664
2809
1622
133
820
2924
2602
674
1324
957
1379
1979
2445
369
2418
2035
1231
2646
798
1221
2210
124
1588
2353
2111
2583
2893
848
2278
625
547
1202
1384
1390
2624
1430
772
2797
2344
1568
1720
2959
846
1700
2160
1067
263
1744
768
1542
689
1919
690
2376
821
2737
833
2259
2892
1004
1076
2686
1001
1482
2203
2285
1386
2788
1480
1078
2490
1379
406
2852
1557
554
116
2939
761
2946
719
1404
1105
528
990
602
945
1641
2994
1813
1730
2482
1123
2028
1571
1347
2772
1260
2352
1472
1412
1043
446
683
219
2940
6
1890
2717
147
502
2047
2231
1087
2936
465
1750
2344
2562
1656
2465
513
2825
1900
2214
559
1230
2708
924
147
1583
1903
971
1155
2835
78
261
1512
590
2236
1210
1872
1649
209
1754
193
2524
1318
899
86
2415
1810
922
1760
886
2601
2529
1837
418
2547
2806
1122
2060
1739
1687
389
891
483
2061
2911
2533
1262
2078
1644
2483
169
1752
2983
1120
323
1400
2961
1191
1115
2003
2990
2919
841
2537
137
606
2834
1497
1650
2729
2198
2998
843
2864
2781
253
2163
822
2049
2177
759
21
2495
2145
2376
93
1400
501
830
2136
2727
2828
2838
100
1618
167
944
1721
2700
1673
652
2666
1798
2620
1942
2193
1980
2037
1389
2444
2983
2543
2127
2264
547
614
2890
1706
1936
1080
2302
1867
1996
2941
1211
2398
677
2783
519
1122
1571
1755
764
395
964
1
1997
2123
105
579
1377
2711
1014
959
1402
441
1162
2829
615
572
1879
2690
2459
433
246
1315
267
2586
588
2562
2735
2132
668
2747
271
2386
1683
2418
1349
1330
1578
1878
2168
2797
1250
490
2641
2247
1790
1216
240
1716
1028
257
846
1860
1656
2462
2617
1425
5
2899
2123
1730
2909
962
1870
2038
2734
2531
2188
2266
1322
303
7
986
1306
2653
547
2646
1301
187
701
521
2840
1063
1939
592
497
1864
1573
2508
2480
97
2594
2588
929
192
1464
2340
1309
1220
2804
1336
11
1067
2985
1193
464
2643
1403
985
376
2030
1649
2186
629
961
2675
1561
2691
329
1499
2396
370
1336
2506
1603
550
398
1983
2158
2359
1948
2568
2709
2442
1766
1941
2951
1801
2908
579
1980
2001
1359
11
2458
583
2107
2779
1615
1105
2062
277
2718
55
1718
1545
1125
1524
1928
2722
1789
1695
874
138
2703
2874
620
1587
1477
1560
1980
2384
2460
564
1496
1554
1878
1046
271
1310
116
1870
683
337
2784
1664
777
635
477
1318
1764
1570
435
2618
720
2488
2026
81
42
511
1783
259
624
2438
665
2589
1037
805
467
290
2820
411
1282
466
808
1563
1787
1573
533
912
951
2916
2489
1273
859
2170
456
2195
623
1471
2263
2088
527
1614
2282
1056
1597
70
1354
2691
174
372
2629
2901
1152
2431
2695
1700
2660
537
2424
2246
2622
395
2912
881
1358
698
2213
563
567
1187
2606
2271
373
1616
2576
512
72
646
2568
1648
2325
2970
501
2132
575
345
2448
667
1465
401
1530
2450
1133
1663
1995
1285
31
694
2605
909
2288
1316
642
562
2076
1602
1899
1939
1743
2110
1347
376
1976
360
455
2178
1602
587
2393
2530
2683
2764
1544
2681
361
2247
1644
2083
1984
342
1979
1506
2214
2060
2456
1597
2932
2168
2722
478
283
641
600
1938
2762
147
56
704
1950
141
1998
2962
1823
581
2259
2156
1760
1437
1001
2958
2217
2079
2070
1179
173
2241
769
2871
151
725
722
1353
1214
1664
1909
1618
1559
516
1363
542
187
385
362
2915
1781
2384
2683
533
1884
1706
1289
234
1894
1298
1467
1946
2869
1321
789
837
2356
2094
1839
2150
1579
336
1232
2024
100
2423
789
2045
660
1523
1075
2575
1663
1559
1487
2953
845
2130
1307
1382
1043
2432
2219
2650
2179
2625
1501
1186
2007
696
2244
2040
21
2044
223
2658
1527
1494
2522
2679
1455
2987
441
1274
2478
2492
234
1469
1751
1194
79
2646
2884
1547
1441
1514
1020
2473
2451
2987
919
187
2995
1461
2701
2943
724
2019
1278
807
2449
648
1704
594
1114
898
1240
1159
574
1328
2558
1641
783
55
1754
2503
1178
398
2432
159
1247
2497
1646
370
1490
256
578
2307
2632
742
1180
1463
1420
2346
1258
371
1828
2817
2583
1321
1871
667
1600
2369
2737
448
2420
1919
733
1772
661
2462
1508
2767
616
1477
130
2194
2173
1286
675
1300
1256
429
1604
2690
917
1245
2808
1886
1682
523
2632
1328
2621
2607
1327
1127
1992
1335
1970
1898
2832
283
1747
2759
725
2176
2846
836
2660
102
219
1183
1503
429
2092
2933
2347
1502
587
2159
2247
2853
936
1780
1163
1662
235
127
1069
2580
2217
73
2801
2915
1058
2829
650
2990
1830
2969
10
1667
2721
2396
1470
374
2611
914
2658
2584
1880
401
1931
2806
2557
2176
1879
549
2540
2735
2977
11
1061
187
974
388
990
333
733
2737
829
1599
1094
1222
1449
734
2769
2392
1713
43
1576
384
2778
2053
1789
317
1354
2974
833
2732
450
2546
653
2652
1541
156
1536
2478
549
897
1161
708
2498
183
2506
1736
2330
1585
357
724
1890
2383
2631
2723
2714
2276
1318
258
2588
2139
855
2791
909
2285
1656
2966
2627
2964
2362
2692
971
945
1587
293
2768
2774
1428
206
450
1699
408
632
1894
1059
1493
1832
1774
1330
985
1489
1161
1673
1420
452
2582
236
171
1365
1526
1616
2086
1268
2622
1546
1097
447
504
1909
2270
2991
2814
2247
1811
481
626
1963
2982
522
2338
185
2696
1734
1487
1739
2439
794
2160
1104
1282
1683
956
2687
1006
616
1110
1962
2240
692
904
1629
2125
284
1842
1937
2389
2639
2427
2995
514
2047
469
1589
378
2010
1022
1872
1587
2468
546
1197
165
641
2425
429
1058
1430
2072
417
2000
137
899
1485
783
1925
1437
1215
37
583
918
475
1162
941
1470
2600
275
700
2196
1210
2684
2294
2976
858
1617
887
531
1461
2306
2152
1209
1484
2206
406
464
1972
1923
1247
452
2499
2332
318
2208
484
877
2813
2009
2079
2568
1099
195
1694
1696
1076
1714
2654
2962
1271
1344
2680
402
1453
2696
1985
1000
815
1802
1247
2807
293
976
441
2400
2841
2439
2146
2757
1896
449
118
2048
887
856
1665
2000
1433
2513
965
1077
815
21
1822
604
261
988
755
2806
2229
904
2737
1097
1493
560
2539
2347
182
2561
595
1119
1125
1331
3
894
1396
1390
715
821
523
129
1403
1759
1024
847
2267
525
1815
1677
416
1001
2669
132
2480
2542
883
1855
433
1149
796
1553
1650
387
2645
2375
1321
831
633
181
2574
321
1852
776
1787
38
930
2394
1866
264
1509
453
2282
2163
730
2124
2401
1901
1502
2126
1016
2055
350
2593
2241
1993
1825
913
2227
945
803
152
2669
1240
2466
764
332
1484
1743
1633
2441
74
1405
932
1698
2242
1543
2013
990
566
1889
2425
1097
2867
1464
1150
1303
583
2334
1236
1449
300
1591
2984
2072
2010
2373
1170
659
2297
1480
2314
342
1855
725
2598
2348
1792
1611
1381
896
2554
254
544
197
2426
2753
1657
2290
2364
224
182
2553
607
710
1422
3000
1118
377
901
68
2122
28
1919
1489
126
1487
1035
1661
1824
1472
2735
2651
582
1367
927
18
2557
1919
1698
2713
2015
2864
2216
2304
2387
2650
1184
1435
1571
1627
956
2566
77
1545
2061
2617
727
2339
2241
2685
1895
1479
1180
1144
607
1432
327
1373
569
2725
124
521
1793
1342
2189
131
2735
1418
2881
1158
1782
1146
422
941
2559
1058
1539
2477
1172
752
1822
2333
2127
2911
1271
2022
2839
2812
173
2108
2382
2729
2698
468
2425
623
640
1168
452
2434
2915
2190
1925
273
172
2242
140
1303
1761
1770
1072
2995
1123
2803
685
1864
564
2609
1711
240
2904
2534
330
670
1692
1958
876
1446
2876
2700
2894
1010
2955
2796
478
2847
753
123
981
1996
1040
2939
1533
540
2118
2895
1651
845
2663
2027
2115
2527
1064
2534
1247
1423
2892
2587
2894
1145
2405
1373
1498
165
437
573
2280
2897
2041
1278
330
1794
2381
1558
2475
693
522
857
2926
1656
2326
2414
1467
2616
293
1651
1649
2150
1269
775
1112
2615
2667
1033
2311
1972
547
1063
271
1290
1032
1548
2402
2855
178
1619
624
336
516
1281
1989
1876
790
100
1490
2356
931
2700
889
1225
1406
2058
411
2490
2766
1395
1043
2570
1589
1879
743
2244
871
619
481
2464
673
263
1232
1665
2693
2325
805
1511
209
1970
244
2554
1730
715
1687
1623
2878
36
939
1800
2853
1654
431
719
2850
1106
588
708
320
409
2713
2734
2408
1581
1679
2991
220
686
813
2433
2429
1679
448
482
2812
746
682
1173
57
2227
6
1192
2611
403
2851
1584
1250
521
360
1880
691
312
2779
1222
2266
255
1538
504
2393
633
346
2429
136
1201
1322
388
2736
1838
2136
2838
2016
1640
1032
905
1920
1065
457
720
1429
1590
3
1449
1547
1248
952
993
1017
1978
1196
1776
290
2114
2517
516
1699
2508
2511
85
84
2898
1231
2430
1939
1004
2560
1074
217
1127
109
241
1922
2080
699
280
1353
1941
2156
10
2777
827
2696
284
219
834
1475
34
246
1689
1372
1671
1452
691
987
491
561
2362
1409
2778
525
1145
1466
2631
2202
2379
2912
1932
703
836
674
1838
1284
18
493
2471
457
1021
876
2965
2362
530
829
979
747
1170
2992
2508
2605
1464
1925
1631
2028
1346
1646
800
1470
1663
900
2325
819
2045
2959
976
2684
1251
2935
112
534
2149
2272
2179
24
2221
690
2298
2483
693
961
1307
1074
2813
364
2016
621
1220
2500
90
2801
498
2924
514
2686
2806
592
2752
1281
263
783
1494
2079
682
2216
1932
1727
1230
1181
1178
812
1241
2453
1280
384
847
325
2
391
94
620
1727
1279
2803
227
777
2102
925
833
1068
2296
1916
1040
2296
968
1503
1675
1986
229
2453
742
2556
1800
797
713
2311
1570
1709
1502
564
1676
602
234
564
1178
1018
2218
80
1899
2216
1498
1462
72
1467
2923
1194
1339
1419
1884
368
352
1371
2230
2503
1371
120
2948
1512
2042
275
1395
1562
484
2124
2560
1104
1871
2810
854
1425
2690
1420
2983
1185
457
0
2709
2035
1706
732
666
1192
188
2215
2183
163
37
2612
2749
1331
324
755
1835
2111
928
2320
2375
2831
921
58
241
2100
453
1689
2955
1950
2924
2714
1326
471
2047
1273
2050
2630
169
2251
2477
339
1302
907
955
1573
2075
2530
2653
2845
2790
2598
1391
2510
473
2676
2371
1957
717
1752
1331
2737
2460
458
1020
2427
678
2244
31
1771
891
796
1830
537
2933
1051
212
2223
950
1400
1360
1705
2768
382
2402
2161
1787
1515
1622
854
652
2651
408
267
734
532
2995
1
765
54
317
1962
1848
631
1674
404
1445
2082
751
2703
68
2396
1750
1392
1961
926
966
2751
603
2758
1105
464
426
811
2869
1901
1744
774
1893
2886
892
455
2695
2183
1649
2590
2795
703
1133
1876
1737
2883
790
2607
766
752
706
2868
90
489
1164
1103
2038
1314
84
1499
1564
363
1364
2430
1034
551
279
1356
314
999
985
2664
2648
1724
2651
610
1536
2121
39
2691
656
227
1220
1935
541
1396
2811
2848
2274
1792
952
2902
65
367
1553
79
1031
2408
2285
1233
1665
2431
2188
1933
383
176
1204
343
769
925
800
177
1898
2409
1737
162
7
2694
1037
1646
977
908
2590
1034
2847
876
555
1225
278
550
2398
116
575
423
2683
505
978
894
1556
2576
1128
316
548
46
2333
2762
238
2390
1595
2867
2146
796
2064
940
2417
2134
1475
635
282
2349
142
554
2766
843
858
2426
1155
2439
2526
2659
2576
2875
131
1864
366
1680
2603
2744
2284
863
2967
881
517
1247
841
381
966
2114
594
448
422
2538
1557
2228
2608
871
2235
74
2831
654
2001
1807
389
2537
316
2552
1771
2892
1130
2479
1728
1546
2748
2513
1185
74
18
2293
2945
222
680
601
124
693
1906
780
99
2424
1466
240
1012
1145
418
1808
1770
882
2999
1707
2890
2964
69
2368
1590
1339
43
2825
2949
489
2669
2719
620
1038
2728
2875
805
1025
1080
196
2943
2054
567
552
82
265
2339
1312
1242
1067
580
2960
1714
2689
2132
1263
560
2188
1167
1535
2283
3000
233
2398
1599
963
1650
1473
2314
1805
2456
410
1259
1668
2676
348
405
1987
1534
1684
1233
699
1614
1839
598
2367
668
689
1048
2988
230
288
945
2468
1436
859
1910
619
1690
1750
1910
2094
785
1858
1374
2011
2068
2993
2690
2358
2434
1634
2756
2650
1693
2303
1356
2219
998
224
2876
2621
2002
2389
2145
645
10
2363
2109
718
1906
2358
2850
1250
1609
1911
2999
867
979
529
1613
794
780
978
375
1600
1538
276
1700
1907
411
546
2807
2511
2823
1195
862
2790
2643
178
471
915
2515
2584
720
2844
2911
697
565
1028
2544
1008
589
834
2724
2220
2989
2368
463
2276
2920
2709
961
582
2833
219
247
2228
2670
1545
388
1983
995
407
1311
1980
638
2865
657
2284
430
1701
2680
635
615
884
29
2237
1296
2967
31
1050
1180
2530
1958
1996
1858
2996
1764
2024
2982
1700
1822
170
254
324
371
556
1760
824
595
474
2480
1728
1135
726
2054
1451
35
692
411
2793
2805
1253
183
2310
481
2773
1839
854
1867
47
665
1291
2599
1097
1490
1034
976
2479
1721
2903
1000
2190
1964
1245
462
187
1037
2643
2036
1995
2862
199
2995
1744
124
1014
360
2930
2614
2553
203
2738
2514
1388
2374
834
129
156
1947
2595
1482
720
2882
1165
2910
40
713
310
531
1538
38
2005
1859
1268
233
1195
154
844
1938
2485
1198
1243
1382
984
361
1985
763
1408
326
1374
609
187
1577
1442
2448
2489
655
544
1804
1194
783
2798
346
592
524
2534
844
1257
2957
2518
2311
2743
778
1837
300
2063
1172
674
1911
1754
1244
896
705
223
2241
214
267
1195
2804
2899
241
692
2823
1958
1439
2302
1703
1812
2053
2861
972
2449
2481
2331
1180
2549
2394
2024
863
1460
2645
186
2404
2265
647
57
2179
296
1257
1902
180
1636
1397
420
48
1796
595
2412
2438
1005
2338
1207
832
786
1539
2783
1655
1919
899
2140
2562
393
2258
2742
671
920
1489
929
2201
2430
991
217
2659
390
2836
1044
295
1466
983
33
617
70
1630
1201
545
2055
2181
1294
1281
2619
1381
613
2411
690
676
967
2661
2324
1710
2383
1619
1831
302
1708
1839
1565
1212
2609
343
1427
800
2492
2804
1337
1719
244
54
1919
320
2596
2371
103
1202
248
544
1121
2703
2063
2692
672
1353
2471
664
2256
364
2879
2723
45
2528
759
657
1669
2992
1971
2363
942
420
828
1456
1022
2104
1739
1059
1292
1907
2641
509
2627
87
1066
2374
2944
451
2332
432
576
672
1185
2474
1014
507
1144
2518
487
924
1393
2735
842
1640
1953
288
2419
38
1230
1529
2304
1867
2459
711
1048
1397
907
634
2860
2507
265
876
764
2419
181
1928
1967
1465
1009
877
1116
1787
30
702
1101
1382
2520
1883
21
1227
2456
1586
2447
2635
1535
1089
767
868
2817
321
869
152
1568
2180
1206
2705
2778
1032
1591
410
2822
660
1125
1906
729
286
2014
684
443
2470
2945
2282
1759
2924
997
1853
11
2874
2411
1933
1276
1671
1198
2147
1597
2716
1618
321
2832
1040
16
1362
365
457
2848
2481
698
727
867
2540
112
1302
2042
247
1515
2003
2521
1225
567
1447
2103
1252
1482
2410
2365
1536
2184
797
1440
992
1888
959
607
577
936
1122
2524
525
836
2263
1218
1614
2015
493
2786
992
519
651
750
1953
1462
1698
2234
1321
340
1282
776
2067
1372
554
2209
2040
2848
403
862
1478
1671
456
2490
1141
2805
1292
1098
1767
2547
427
336
2747
1983
832
1633
67
1056
73
2297
782
193
1421
1260
2890
967
2413
73
2783
2059
2844
1952
1801
2837
51
1409
2030
398
2215
982
167
2012
1827
320
980
371
1809
2683
967
2551
1067
278
2651
1004
1036
2140
1804
290
1334
1135
1987
2384
1226
2749
2247
567
498
612
2931
642
2706
1554
1351
1188
474
2042
2289
1969
998
1882
2008
165
679
2958
1435
67
2184
2502
2963
0
889
708
2412
1985
526
257
1491
2826
1252
1464
940
2634
2847
1847
1589
2506
523
170
2391
1614
2266
827
830
2124
310
2583
150
1220
791
354
692
2844
1208
1181
2523
2486
384
2302
779
1253
934
1054
1679
1802
31
1677
397
1761
140
348
1602
520
1816
1704
428
2354
2238
122
1783
166
1813
2853
183
1552
1161
341
489
697
444
877
1383
2028
748
937
2550
2156
917
1964
168
772
2063
1019
1224
2030
0
2842
1990
2163
2421
2643
161
277
1445
777
2048
2449
580
985
549
754
2584
1150
602
1979
1682
485
1840
399
2510
518
22
1175
2098
1773
1067
2409
2070
40
224
2137
1898
1287
1722
974
1608
535
2942
2650
1282
828
1059
1926
2052
1256
77
251
1618
1344
447
2908
1525
1831
1129
1034
1084
1548
2075
1587
2870
341
2177
2597
2526
2208
1985
350
2621
1090
2846
2391
1839
2999
2517
2635
478
1088
1591
1978
1503
627
2009
2014
857
1072
2047
233
2623
13
100
306
1809
583
1338
1965
583
2614
2923
1460
2071
908
368
113
1411
993
2659
2348
162
1377
730
2277
1769
684
1844
86
1670
1573
1438
35
71
1603
1359
275
1632
2944
32
42
2995
1262
745
1497
1080
998
2309
1425
1012
2015
1023
2740
2485
2044
1002
533
1863
2134
2302
2538
1113
1737
1665
2553
1779
904
1453
2888
2707
337
1365
1178
2515
1965
1574
922
2393
1716
839
418
1794
2979
31
2125
2841
2293
2768
2920
1027
2338
1662
1337
600
282
710
2716
2615
2685
834
2540
462
83
1366
1671
1167
1050
589
2228
2911
330
1268
97
1858
869
769
1146
1402
708
1368
1809
1937
1404
2887
844
1325
544
1724
2713
1473
1264
1259
2069
2829
590
1599
2654
946
770
2256
1402
773
709
458
581
1192
670
507
1020
284
2284
1593
477
2798
2088
287
2814
887
920
378
2783
979
2697
797
832
1773
597
309
544
1325
1899
1518
65
2804
156
848
78
1991
443
1611
659
1101
1959
727
1029
1318
693
2631
580
1834
2142
1388
1344
166
2129
1011
214
791
969
87
2107
1954
249
335
1349
980
1489
2031
255
2647
2345
1397
1236
1889
1234
1420
1521
167
1681
835
120
1000
2166
160
2917
2515
1053
1003
147
572
595
365
2242
929
145
2489
1278
2187
1767
1794
2106
2864
2448
135
1357
2124
1505
850
258
517
1597
1828
283
942
1736
2044
43
1935
1753
1893
1434
1241
14
2796
2246
2129
562
124
627
405
2029
1656
1781
2364
901
2711
2016
458
114
2066
2185
251
2437
808
2623
382
1065
930
1434
1897
834
1720
1325
860
2501
1541
2135
2988
1229
563
1018
2220
788
40
2615
823
1775
814
2594
2256
1044
2278
2262
906
1708
344
274
552
1699
266
519
348
6
2226
507
925
1667
856
2466
2215
2175
2367
2172
2667
2073
723
1054
1430
595
88
1904
2270
2024
2008
2082
2435
357
1207
418
1007
2300
1724
520
2087
2312
1241
2186
754
820
195
1166
1010
1688
509
2977
759
1388
1688
282
2992
95
2626
2440
997
1520
1972
1859
1046
2546
1095
1354
2870
2142
1889
1013
2044
325
2591
862
2194
365
2895
2216
1513
2815
2006
2543
2159
2107
935
956
410
300
312
1222
2223
1810
2060
2391
1253
1865
1910
1869
276
1195
1928
1797
396
2999
1082
2743
2618
1329
2711
1456
728
1395
103
2456
1185
1200
2913
1500
2038
552
2453
1653
2528
76
332
2174
2514
2331
2487
933
790
2297
1085
1184
933
875
323
2551
10
2370
2249
2214
1971
503
721
496
1346
186
2231
1443
458
2838
2186
1767
2544
134
388
2923
2518
1198
775
109
1855
1221
669
2591
643
964
2318
574
1281
8
553
2817
2107
630
1211
1498
1463
1974
628
1568
2332
1954
2685
350
2368
988
1624
546
892
1759
706
2014
455
904
1344
944
484
16
2394
1949
2165
2761
1876
2244
2915
1551
1331
1811
2446
1188
2840
2851
2902
2498
2063
2178
1569
2803
1126
25
1047
905
1096
2078
411
2571
1963
1141
137
183
1778
2663
1877
1937
2442
1813
784
2420
536
2691
2562
2281
281
684
121
2472
2054
1074
1878
2013
2950
1258
2817
2640
2157
2779
925
575
988
1313
393
2815
305
1327
1947
2196
1349
2376
35
2035
608
948
2763
2769
657
2081
2617
1182
354
1788
1088
2226
2682
1093
2226
66
2314
537
2813
635
1816
2937
459
2325
1738
873
2314
2933
2601
2759
301
24
1925
418
2606
2877
338
2913
512
2614
237
1824
1048
2361
673
134
416
788
1169
2649
1094
1007
1037
2098
1810
2971
2671
699
422
2687
1133
1371
1167
699
126
2317
1316
2800
595
1468
1628
2477
821
2545
2365
2313
2004
2077
723
430
2299
2920
2198
1522
1361
23
930
1586
2975
1640
488
2708
194
1021
1200
2481
1564
1503
1046
87
182
1449
2179
2252
994
1940
917
1343
401
487
2048
2367
671
307
287
470
2615
2061
821
2896
2751
2738
2420
1993
2606
2304
1016
2580
1581
414
2276
1483
1147
1967
695
2654
2435
2584
2197
2120
1272
1222
420
1817
526
86
1187
465
68
273
1872
295
208
516
2629
1031
1052
2396
2109
1174
1266
2762
2805
1492
575
1266
2470
314
312
2924
312
118
2421
277
903
189
1137
1259
2449
1081
400
1246
369
131
980
2452
2627
981
2134
2832
1516
1366
1900
1253
2576
659
967
2107
2687
139
2876
2933
1562
1777
2838
2120
2317
2839
144
1782
329
2001
63
857
451
482
1164
975
293
1002
1407
2673
2245
1050
2517
2660
1483
2398
1453
1499
2244
437
883
35
2137
1929
1381
2174
410
2191
1255
1352
2194
1209
2977
2493
1843
2700
2649
52
2251
1458
1200
2633
745
56
2083
879
2243
40
996
1122
1513
2983
2635
11
1982
2582
1715
1717
717
2799
2819
1621
2305
2347
672
869
1206
589
1981
2809
1822
2119
150
2802
94
2214
608
1628
2761
1209
2411
1443
888
2006
606
331
313
2877
688
2687
471
700
2405
384
612
290
2524
1647
975
2816
267
2279
1105
1729
2225
1093
1585
1948
2166
2012
1829
1192
1271
1773
947
758
1
1908
152
963
1454
2970
322
2958
759
656
1501
1331
2590
114
2760
1791
1856
1133
166
807
1097
2434
1668
2248
1310
498
2214
1061
759
684
1981
1805
2598
710
1649
2345
1492
2035
2534
2721
1856
426
976
2661
1806
682
53
1458
1122
2036
1819
192
1404
1178
1690
1740
1899
404
1730
2327
2422
793
170
736
2042
2334
1527
2091
2164
1919
839
2819
2047
113
72
1924
473
1053
2354
1648
641
1913
2084
654
1884
2056
1186
1819
929
2028
2213
2316
1272
1629
690
1771
2273
872
1182
2863
2641
527
1112
2974
744
1672
1312
2583
326
2019
420
756
1565
568
2027
402
1531
2357
448
1460
277
1146
2487
1725
981
717
2160
931
991
662
875
2799
1711
2095
1598
685
994
1491
401
534
756
2271
2874
413
2557
1011
462
2061
1756
913
2141
129
2604
1138
1455
1503
2420
957
285
1813
555
2588
1724
378
1868
2952
1476
1114
1040
765
2823
1216
654
618
2442
2578
138
509
1168
2368
2625
310
1261
926
2704
2680
2374
497
2844
1955
2701
1532
959
619
2834
2542
473
2431
2621
1669
2564
1654
2018
1162
446
2695
1463
1766
2873
27
63
1846
893
1800
1725
461
1947
2362
2640
1706
934
29
602
1445
2960
269
974
2108
414
2717
126
2779
2452
1746
221
410
1077
1828
1442
574
2051
2119
1884
4
2853
1905
948
2064
2696
777
819
378
1924
971
2068
2481
1105
1630
356
603
695
1591
2312
1893
1017
627
421
1457
2599
1152
2266
933
1407
337
1038
1218
931
2479
2356
1055
2392
307
126
2396
2940
2388
1839
2868
2019
722
2876
700
2065
2751
1015
1838
1622
274
2833
141
1264
924
2615
1478
277
1025
2970
2260
711
667
675
693
2326
1749
1731
1673
1157
1202
2601
681
1233
415
896
1308
2166
33
785
2089
1401
1896
1558
108
1772
482
262
2435
2378
2710
2967
2695
1599
2631
2128
1653
2328
82
1640
1893
92
1558
2034
2884
472
2391
558
2488
1713
2751
406
1984
2818
2163
743
241
1428
1094
1052
2486
977
844
309
633
2764
272
1601
2137
511
1971
2408
1100
600
2395
2411
2152
2923
1661
37
64
1096
884
365
1139
1962
1988
867
420
1660
31
2937
1958
1906
1086
1779
118
1076
1929
378
1270
527
2275
2023
1341
354
2544
2003
2632
2781
2745
1346
1485
682
1722
1898
1781
2037
261
1548
267
2868
436
82
1272
2995
604
2312
1926
92
1678
1061
593
2650
1919
2289
2606
1910
141
916
1498
2336
2878
2693
687
1079
106
453
1911
1930
2829
933
385
1201
2200
1510
707
1101
182
706
2690
571
981
1326
732
1746
2199
2974
2948
208
2091
2087
972
1054
129
1927
394
1468
394
1370
233
1624
2699
1627
2402
1003
99
1177
2645
1155
2808
1639
1260
721
2645
2279
1137
465
899
818
597
1726
2375
70
1725
2782
1354
2310
1621
283
2100
747
145
30
1042
1277
1211
1563
885
1607
1093
2253
2780
2819
678
2003
694
340
2635
1203
2688
1914
223
240
487
1984
716
2412
311
1030
627
754
2709
1771
2242
807
1629
1808
847
2407
2838
118
2545
2516
2138
1715
2141
2189
817
1344
527
510
1061
1133
468
574
2665
384
2699
1122
1559
2394
1689
1536
2119
2486
1293
1164
1907
126
2786
524
2109
2613
2001
1465
1124
478
2177
1351
2581
2627
1176
907
1919
2109
986
1770
2774
2954
1663
369
2921
2003
1781
1766
1278
2898
1870
164
611
1922
2942
1227
765
837
2840
1567
2670
1311
1234
488
1275
373
1802
2868
175
1346
2730
2018
2431
665
781
2845
2613
1783
1046
2266
2060
950
1763
1942
751
1653
2337
1083
1036
2293
1197
2286
1273
1391
2538
356
72
1456
1102
2661
1230
2389
1942
2514
1916
2150
2823
966
1352
392
2139
2529
1019
1502
1117
1059
626
2714
532
958
2246
1957
1065
265
1188
908
1687
951
2970
1959
1098
1371
1895
1681
409
1231
260
2469
1182
2359
804
415
112
2651
860
1145
677
1920
1272
2087
1242
1952
2411
398
2154
1339
2615
2909
1393
1695
1240
2605
2017
2251
1869
1977
1894
1137
1331
2285
34
2287
1713
1175
24
1189
1143
1187
932
2820
2132
2696
2681
2982
895
767
2575
1734
267
1071
1391
626
587
1651
2422
251
1266
488
120
587
51
1796
149
544
2917
2605
2517
2684
1226
974
2909
304
1051
1703
2363
1363
539
1226
1807
754
1066
792
2249
1382
450
403
317
560
1341
1532
484
170
2677
37
2999
1223
1455
1497
165
1421
2320
929
2335
743
2438
692
1965
837
499
2889
676
497
2194
801
2828
1004
898
121
2538
667
2338
2225
1458
1415
615
444
459
1641
942
2276
2752
1904
1929
1258
918
382
2590
2949
201
1093
2826
443
2399
1244
2819
2464
2674
2078
733
2836
900
2231
1289
405
2649
397
868
223
716
494
2330
2553
2534
1587
2626
1127
2642
437
892
370
65
798
1787
1472
1182
756
1709
832
2284
1351
662
2469
1923
2612
2782
1658
1786
1441
2811
1544
2613
2107
131
1626
584
586
618
2476
1466
93
318
2095
1836
1618
1828
2295
1875
664
1734
396
1442
2506
2979
2003
391
732
1275
1547
2681
275
749
953
2251
1537
102
296
1388
247
185
1146
1945
270
477
1745
2623
688
985
2132
1999
1013
1775
1288
28
2701
378
475
2758
2994
1899
2799
846
899
526
2880
1863
2926
947
2102
1654
676
2604
872
282
1942
927
2874
659
2273
2120
2292
1705
611
2648
849
1599
2391
413
1008
2821
789
1233
2888
862
1657
2198
1047
2609
1478
675
1114
1393
1731
2211
851
67
2339
1791
1627
1329
1480
682
2599
1346
1181
2396
1728
678
843
2832
1062
399
1315
1921
2001
418
2802
1451
443
285
1202
562
1311
465
2713
192
1056
1145
400
306
2603
530
1264
768
1680
2442
1873
2220
1002
755
2156
739
705
437
418
2287
2361
1083
687
2080
426
75
2129
2576
2344
1351
1553
22
1345
695
2312
1319
1886
663
1775
278
2701
1455
239
1954
1494
2177
593
649
2092
1616
2491
257
2383
877
2835
422
780
2497
2988
2304
1475
738
1295
2367
864
1421
1215
1955
251
938
2506
746
148
1624
586
2900
1100
1566
1202
2393
466
554
1773
181
478
2385
2050
733
1626
1626
842
546
2876
2450
2128
1509
2267
825
1281
277
342
199
24
2274
562
2379
1840
1228
686
1060
1039
17
0
1780
2853
760
1588
965
940
512
2456
840
632
199
1578
1639
2337
1297
902
2371
2609
698
1063
1397
913
2731
1739
2404
264
2016
1797
938
108
2711
2594
1943
194
2909
1223
1378
2472
2643
379
2282
170
472
24
2285
1896
2482
2439
1343
2395
1704
422
1465
2883
2002
823
2453
1054
619
917
763
2414
831
2130
1570
1931
1640
685
1096
435
2725
860
57
1134
212
137
1255
2586
45
1738
2779
2609
772
751
2763
1817
2936
212
2358
164
2025
1888
2099
2855
1071
1599
1483
2712
1838
127
2711
1502
166
2126
14
909
2038
878
2601
2639
2930
998
941
1693
2968
1418
1160
2537
2741
1037
468
1620
1916
1263
1255
680
917
189
1404
368
2200
952
1179
2526
606
1416
74
2437
2788
1446
2323
2384
1230
2240
1794
149
1817
2814
1719
2331
2828
1573
2746
2000
1990
2260
801
2687
2731
1743
2688
1095
1349
2656
2286
1121
742
1784
2455
635
2381
2836
2802
2803
2853
1610
2572
299
2431
2504
499
1273
1978
2854
2920
349
2589
556
1828
1908
2432
2147
2020
2117
1932
888
1694
620
2743
34
2859
725
1841
2891
1518
801
581
1888
1450
1953
501
2876
2033
1926
1031
1696
2168
1950
2576
1644
1476
413
2428
231
1907
552
2895
482
57
1572
319
2923
802
612
2943
2986
2158
2233
2951
1172
778
1430
138
1712
1447
2621
2960
1907
1993
502
1412
1792
2623
824
2124
2953
1706
902
173
2493
2737
1849
130
62
183
1119
130
1996
2892
813
1826
1068
1992
2175
1322
1635
2414
1258
1322
2309
910
2844
909
908
594
2748
2390
2083
344
1085
1185
1972
152
702
1361
1115
959
1768
627
2718
169
2613
2346
1031
2727
2092
2095
275
2286
1993
977
1407
166
2206
607
1883
1412
189
2952
1090
709
982
924
2951
411
2588
2710
831
627
1058
2037
423
140
2998
424
1685
916
2984
228
136
318
1932
838
1692
2994
1003
2465
2889
1841
522
2534
1042
2108
370
609
2473
2847
422
2326
1349
2365
2857
2227
2497
2987
2390
151
2401
2678
2561
2499
582
1005
1995
2059
1148
1076
332
1184
2208
235
2009
1394
618
779
2280
2515
815
2149
66
170
2847
410
543
1403
1109
2128
1833
2820
1401
2740
908
557
2314
602
758
686
1877
346
310
2175
1792
424
1348
689
917
855
1469
2051
789
2546
1295
381
225
3000
2089
2393
1470
903
2142
2879
1476
1480
412
2537
604
1474
2588
1310
1470
583
2667
614
1836
1582
552
2254
1926
2846
718
2982
1879
1517
591
140
2353
291
1045
57
2167
2730
2864
1246
1675
1210
1944
566
1385
2558
346
458
1059
2812
366
1412
2433
2660
1047
701
1917
964
733
1016
2808
567
129
545
1664
1715
2285
144
509
2063
880
364
1173
1275
2340
890
156
2708
2114
1701
2114
2869
1106
2036
554
2006
1290
1914
1610
2626
1618
1466
2548
316
1539
2733
2728
117
2047
753
1624
748
1396
2378
2851
1358
1520
2763
1003
2340
958
2765
2
629
2823
434
2039
2952
1550
1671
269
2435
107
1003
1666
1225
85
695
1402
2202
2589
2095
209
1206
2132
1909
2973
1141
206
469
1726
2030
234
1166
2685
435
1249
1401
431
2995
2294
261
1883
140
2306
312
1077
1651
1349
2324
1590
863
2326
948
1011
782
2156
2839
1066
1591
521
2464
1891
1872
2595
2276
1854
609
281
673
2384
2120
2959
2283
1610
2355
1276
1468
2441
275
1167
972
1635
2978
1711
2520
1244
1189
473
2062
1238
551
2039
1684
2446
2608
2774
2334
1022
1130
982
375
1528
373
2292
841
2728
1543
213
794
567
2541
103
2374
1532
2622
2941
1909
1188
638
1277
511
1529
342
2807
1916
52
553
337
2336
1462
869
45
1843
2361
1601
1094
734
2237
697
2684
36
671
1543
202
121
939
2154
1829
2807
685
2214
1568
2224
168
2403
1823
385
2059
2599
851
2713
21
2519
2971
2750
2082
1195
237
1342
667
2615
1179
679
2447
2855
2412
2142
675
2673
1844
457
428
1739
290
33
835
1818
163
1392
1388
552
275
2420
396
366
328
865
1701
104
179
2024
64
1082
696
1153
831
920
83
188
2697
254
772
1214
1816
663
2631
2420
2723
520
2734
854
790
1157
264
2213
20
647
2759
2114
2587
2890
2471
775
510
2009
363
878
2685
194
436
1443
2014
1494
1500
40
2609
2444
1904
925
1978
696
1731
2296
2646
1639
1989
862
1234
2472
1031
2399
1516
2619
1752
1415
1866
2941
2103
1086
64
2841
353
2720
1309
2298
846
338
922
1681
826
1657
341
1708
260
1440
746
512
236
679
1688
1088
2489
95
870
932
383
2467
2273
208
515
2046
1049
2286
2940
1632
671
243
1806
2797
2251
878
330
2161
1102
2954
2116
1654
2620
36
2620
609
1861
1288
63
1010
1268
1463
1107
2916
523
1157
5
1697
2278
2763
1700
1843
927
1381
2536
1984
1013
1325
1448
181
907
1935
1479
2872
1737
264
2765
2190
1693
1929
2636
2863
2968
465
2808
1639
599
255
1301
1085
1702
2281
1033
1909
497
2343
352
2034
16
153
754
255
394
2445
2271
1352
2881
933
987
877
2028
1518
1420
990
255
923
406
2644
2563
2692
546
2352
774
153
1468
661
538
1118
2850
563
2973
961
808
1812
2314
561
2982
2871
64
2786
403
47
1072
319
1076
2488
593
1440
616
1835
2198
2564
1958
652
1143
1880
1934
1494
152
1254
1309
6
763
507
1608
2300
2453
486
1211
2930
1175
2785
1017
2817
1543
807
1385
2055
214
1029
78
123
2341
1374
2779
2901
1183
690
33
1980
2429
2505
1496
1709
1566
1894
355
161
1216
2937
2118
2726
1615
922
2351
199
2634
489
2894
2621
987
1534
1897
142
2766
224
2607
1385
1865
539
2715
2945
2947
962
480
177
1973
323
2004
1599
601
1981
416
82
2430
416
5
1480
1892
1145
1964
467
1870
105
2194
1965
1611
1818
797
971
946
2310
1056
2668
322
994
1582
2604
745
2255
222
2577
805
2313
144
748
2473
1149
288
2589
2134
998
291
50
305
1199
2748
903
1902
482
1053
2747
2020
1318
2983
1447
1154
1195
2237
2203
2601
71
637
1492
641
2261
2311
1801
2232
758
2147
2372
2655
1724
604
811
2599
1550
2974
897
2648
416
1534
2240
204
948
1491
2236
1504
945
1322
1204
1005
1013
2237
1910
2984
833
1716
1890
2744
2110
1790
329
779
2463
2741
397
1115
564
1601
2103
1212
1989
664
2085
1650
861
1560
930
442
1540
266
1450
2713
55
2173
2783
105
773
1438
2712
2984
733
1594
2495
975
1420
1425
2596
2899
1436
1662
2047
8
1337
153
1915
1028
2839
479
198
754
917
2200
989
1102
522
1709
1398
2756
2727
1911
1363
1232
2766
2360
1779
1573
397
2129
828
2892
1215
1177
2918
353
2265
1226
1777
1772
705
2826
2263
1269
2698
1404
2418
2367
758
1501
1459
2317
1266
2389
2399
199
1687
1699
2378
2088
2302
1809
1796
1119
861
293
639
2467
1398
289
174
473
606
2148
2336
2425
36
2298
881
2969
2740
1486
709
1793
1315
2716
1009
169
1054
140
1287
1087
2013
614
2274
754
408
1487
2276
2266
2543
289
704
1526
1790
1884
1837
2847
2697
1795
905
1754
2743
1074
2310
1744
1270
2745
2630
1995
527
1790
2033
1949
2974
899
1109
1136
2655
558
712
935
1952
941
224
1891
2775
84
565
2207
2368
2397
2916
2752
1369
91
94
123
347
1345
2096
1975
606
2247
998
1805
2726
2689
2908
2451
2464
2218
1880
2542
140
2627
155
2523
647
668
1908
2835
2515
2518
975
1346
1638
2953
835
673
2443
1864
1926
523
2791
1679
587
666
182
2782
2152
2491
1765
1856
431
2886
869
908
761
2172
776
827
2096
2332
1045
2996
2132
2505
2281
1441
1278
596
189
1389
1595
1839
2403
502
1926
769
1472
2594
351
110
2310
1517
2303
2217
1801
822
340
2423
1907
1251
133
228
1134
2753
2461
1386
269
1432
2508
86
1432
2841
955
2788
1543
1141
1504
1123
1105
1313
2934
341
901
509
1523
428
1118
233
1705
883
2176
2303
773
2037
810
2753
225
744
1286
937
2795
1593
2872
657
1608
436
2495
901
330
2563
24
1804
634
1227
1970
455
486
1447
326
1121
1323
140
1841
1897
2927
902
1993
281
2882
1178
1353
1198
2660
2943
1722
2180
169
2133
1777
290
2114
133
2057
1900
858
2869
1041
1595
830
859
1518
879
1068
572
1318
2971
1314
891
2530
2238
1053
941
2446
2795
1738
1317
256
2311
278
2269
489
2716
1199
2617
660
1928
2393
2275
1656
883
193
1245
730
2968
2943
2142
800
756
2230
1452
866
624
2131
2616
1854
830
1103
121
1426
1707
353
1225
668
2222
1770
2906
529
1730
1918
1496
1677
373
1196
2224
421
2975
2413
1580
2589
2577
2431
2481
973
938
2933
1614
461
1257
2736
515
2820
747
2592
2124
2983
2821
1697
1154
929
2295
2747
1142
896
2985
1371
1204
2640
495
850
2913
698
349
1476
907
2158
655
2668
2655
2230
876
459
90
2485
70
38
1323
2819
1796
1579
1274
2379
1368
1111
2885
1154
1401
2754
2484
2053
1966
998
1250
2415
2884
1335
1839
758
1678
2957
2630
1898
2829
1404
136
34
1564
2554
1458
1762
1532
97
2086
1283
1824
2393
2022
1280
34
1617
1709
953
556
2188
814
269
446
1033
1687
2963
851
2495
1625
255
1704
745
2219
1484
316
2089
367
2954
2402
1260
840
1330
1562
679
1942
319
739
525
2533
785
1660
1488
1763
262
1413
2464
755
2967
69
366
548
1307
2419
2392
1943
1917
1420
1870
710
887
1515
1626
738
1517
652
2069
1730
1150
2903
1014
1956
1063
2702
2022
1522
894
2478
2965
1513
2745
588
2425
2494
2778
1753
1220
1715
2574
980
247
764
72
701
2127
2651
1867
2762
2845
805
2044
2385
593
1688
1167
2158
1477
2643
85
2818
2615
1754
1022
373
1119
1983
2141
968
883
297
2207
2151
677
136
1077
734
1706
2937
2238
2864
683
1561
2304
270
433
1627
1989
800
1384
3000
1504
1427
2520
752
2866
990
1952
643
2698
2039
448
2622
1171
2414
953
2612
578
817
2835
2505
677
41
2903
1868
1010
718
988
1114
540
2772
2025
2012
1206
2711
1952
2405
2284
2187
237
2244
1876
2698
173
1103
1755
553
190
2736
1963
1897
391
766
1660
1917
2042
425
2216
934
1428
2959
497
1379
2793
54
2046
753
2608
1648
523
218
2974
2207
1645
1751
1985
332
720
2270
2865
2950
647
2833
69
889
2037
602
1564
2288
1684
2720
807
1466
1283
2587
142
2425
2227
1232
2902
1681
1479
1693
592
1632
1590
2890
2525
2279
2303
2218
1537
1281
1895
500
2378
2184
422
2449
283
1261
1974
144
207
1305
1905
1988
2245
1378
2708
252
1504
129
221
532
2694
143
593
1881
1504
1145
1054
1835
2039
1189
1650
1175
2360
2139
156
2447
1220
2472
93
2684
2853
307
372
2160
2186
1593
2148
1189
1464
1403
1155
697
2612
760
2304
64
974
2316
143
975
493
2315
2015
2409
1624
1166
785
2897
2675
564
947
2629
544
2681
1063
1161
465
1352
1857
531
619
726
928
1601
853
2809
1098
75
2463
3
2988
444
546
1801
328
162
1728
2192
2440
1083
2565
172
76
2379
1745
2004
1371
2367
2026
1600
2288
1236
82
934
891
1460
759
2059
1101
1426
2549
1970
2607
782
730
336
1067
514
1711
1813
1378
1194
1113
2613
2283
2999
2342
1695
2380
2309
1941
312
1281
63
2468
1000
1482
2324
2308
1490
732
2470
1041
1569
2193
2089
1068
1028
1133
2894
2267
1912
1896
29
1581
1027
5
672
1510
2687
110
998
2962
2586
2338
2112
919
457
55
2547
706
2682
2554
2979
2601
1163
1228
138
850
2258
198
855
673
2822
2339
2684
1844
1929
2058
805
1766
2442
1623
237
654
305
1057
2931
1996
2811
2930
722
1669
1004
1718
1399
1149
288
291
2844
2592
2441
1851
256
2452
2833
975
91
1848
1093
270
2330
1455
2237
1159
2016
203
2556
2631
2562
1308
987
2928
1051
808
2392
2831
1306
1552
2428
1501
828
726
322
2841
2603
1387
923
2152
2982
33
1982
71
2602
990
1407
495
709
980
2817
1179
2967
2665
2131
153
415
2788
411
813
2638
1241
817
2999
616
1541
845
2792
2093
2782
2492
2593
1331
2148
1557
467
1307
2567
872
120
1578
1143
2359
1775
908
1401
463
2066
2892
2466
1778
1900
478
604
534
444
591
435
24
2960
1451
1190
758
1680
1202
418
1990
971
677
2402
1683
1169
1820
2282
2516
44
2459
2870
43
362
1971
428
1400
2903
2628
1377
2842
2254
864
535
996
1764
2845
441
1083
1159
1632
914
2295
918
440
249
624
1868
1209
2373
2182
695
662
2270
2311
273
1891
15
2705
2136
1230
1942
682
1397
1277
2825
188
658
848
1922
2288
2219
24
2240
638
572
648
2301
1814
703
976
973
2259
2641
339
589
2856
489
694
545
2728
65
968
2037
1345
2948
2373
1123
360
2731
1920
896
2356
2301
1032
693
2062
2677
702
2266
1115
58
2959
1242
1723
340
2371
1900
2170
177
771
1257
1798
2455
21
2043
312
1807
1211
81
1708
2481
2042
2597
117
2314
1755
1818
167
1510
1279
938
2004
801
2218
910
1991
645
2993
2827
1315
467
80
1068
2596
2786
2365
2090
2263
882
2618
2027
2226
1759
2635
1019
473
309
487
2983
926
1861
2908
1151
291
1538
1691
83
2444
1679
1463
557
2925
1236
2988
2458
169
1023
580
1927
260
2068
2925
333
1724
2123
2446
1973
924
247
183
532
2317
2536
2552
1060
550
1787
1878
2813
223
333
1878
323
439
366
1182
1018
2636
2860
2812
1634
2556
1848
2094
598
497
1189
2611
2969
2313
1202
5
2821
29
1892
2356
362
2247
2739
993
677
2115
1541
1130
1024
1849
242
841
2040
651
2934
1658
799
111
2961
2516
2570
2230
2076
656
1182
2895
2146
41
503
2248
316
704
1707
1203
684
2316
2596
2598
2634
966
2771
2300
626
213
161
420
1456
1331
1896
2367
935
337
1318
1186
2100
1331
1066
1036
512
2303
1496
1182
1409
2668
2559
470
1880
2373
117
277
2897
11
2470
769
532
423
445
9
494
111
1419
199
547
77
436
374
2013
2718
1754
1089
2068
580
1593
2567
2639
566
2153
1073
2908
169
53
2445
230
562
2418
1435
1502
63
1350
245
2095
649
1029
2289
108
1090
2831
1446
2207
2136
2291
1192
119
2989
1142
1318
2772
2746
556
2470
1543
2725
1698
1708
2372
1722
2049
536
1824
2840
2800
2433
821
343
1538
2856
1008
1278
1765
2526
1360
1415
552
2310
1134
1300
2119
2573
1387
2664
1570
701
750
291
247
206
867
8
1830
2958
470
443
2169
267
2743
1924
2004
522
2940
2111
1070
1268
2809
39
734
2592
2480
816
1277
751
2454
1647
2386
1760
1092
2194
2462
1599
1631
2418
2485
1142
583
2244
2880
1721
712
2068
2197
2893
2583
2480
2316
2531
2042
1354
1308
1245
82
1139
440
1249
2616
1815
2455
936
566
1258
2430
1064
2097
2706
2586
786
473
2361
2924
2264
1755
1743
1499
453
1537
2728
232
980
1156
2194
1667
466
1450
306
907
152
799
13
2966
1980
1425
949
459
1030
2363
1745
1274
2858
2849
916
472
2479
690
92
2128
2381
2321
1389
448
1878
1502
1597
1997
730
2473
231
2414
2685
2712
1531
1810
2483
2333
1283
81
2628
393
1170
1285
1013
2583
2330
2842
1502
153
2439
741
477
1207
1376
685
332
2069
1974
2989
2514
1868
1544
120
1824
809
2485
2500
180
2723
2021
2352
1781
1717
2689
1531
2016
2083
2928
2550
94
982
1505
754
2020
691
866
975
2441
2044
459
572
1028
2509
1005
1451
890
1362
2375
2613
997
317
1141
776
753
2929
2333
639
2923
134
2741
1830
1166
101
2124
2298
2179
1605
1977
420
1861
703
2792
1437
1484
2561
2279
2827
1571
131
1575
1292
935
1084
1188
1375
2563
362
1733
2228
2289
2586
1133
2120
2931
1573
2076
53
2095
928
369
2352
490
2058
284
2148
476
1492
414
888
1898
1650
2717
960
1502
2467
643
494
2090
1192
2379
407
560
497
306
2535
255
2638
237
1642
1711
1242
1877
1092
1646
1776
620
2087
1268
334
741
1753
2458
1673
2899
294
991
2706
1029
770
893
105
1255
769
2001
1000
1448
1285
1842
143
1761
2334
2195
2363
212
784
2043
28
2153
1234
2454
1339
1855
1942
1552
1945
635
1957
3
81
1960
647
889
2321
2607
1204
1276
654
2552
4
2159
165
1982
2546
567
43
2208
1063
1935
1018
405
2968
2869
2786
2025
758
924
63
95
173
85
2865
464
2117
911
2148
565
1647
273
445
322
524
1031
1114
2072
170
1316
2239
2417
2202
2269
1647
392
1072
2603
2428
78
2551
1380
442
2819
861
1880
2019
2688
1712
79
1448
2835
329
1800
2684
1349
2694
310
1560
984
1391
1964
669
222
1257
2767
1180
919
1323
919
2644
1506
1169
2609
824
571
2484
1229
184
2587
1093
705
523
303
2696
1052
1359
2996
2181
2198
735
863
977
2984
442
2095
2658
403
1726
1296
576
1831
408
1615
1867
1336
141
582
2041
2151
2108
651
1289
1292
253
2060
1489
2846
1825
1101
2917
2382
478
658
2325
550
2945
1893
242
0
2902
2326
2902
1459
2115
1219
1737
403
690
150
2607
2662
226
1468
1311
2869
419
1871
2884
543
2617
2433
350
334
2176
420
293
1590
496
1988
243
2054
1809
2731
1899
1104
2871
1727
1290
2378
835
1219
1382
851
245
1353
908
2249
2862
2056
422
1459
2833
485
505
121
998
1115
1739
2215
904
65
771
2999
209
74
2473
66
1270
283
2343
1282
869
1468
1712
2649
2718
2989
1452
261
2184
2370
2265
1533
2551
1153
2901
1716
98
1448
2992
332
463
888
1334
10
1883
1684
297
1506
560
2723
1388
293
1466
1607
1707
1081
2665
2521
2574
1415
1437
643
2717
911
1843
2718
705
1130
1276
612
845
1230
298
2008
380
1969
2532
319
1998
2466
2943
840
1689
119
1002
1051
582
1631
2708
2868
2716
522
74
741
1596
1577
1270
1893
350
459
2436
2201
2035
1062
1223
2126
211
2881
417
1876
1770
2403
2967
330
2986
352
1245
364
43
1952
1179
1273
2087
2779
1022
2703
1213
2075
2363
909
2253
687
674
2504
1455
1901
613
833
2735
1556
302
1271
2773
226
2118
2700
2654
2461
2953
742
2950
853
426
2684
728
1448
2060
1688
720
280
2134
2885
660
848
343
1307
2556
1502
106
661
847
1280
2652
1657
225
2308
2679
2889
1653
2611
717
2105
1531
1100
1310
391
1755
1917
86
2927
2330
1702
1138
1796
740
1040
1940
2868
528
2427
1129
1564
279
2763
1875
1127
641
1197
1618
761
1529
1041
679
1633
2836
1308
1193
1403
2621
801
1630
723
936
263
120
1261
2048
2934
2498
2287
1972
2220
859
343
2310
479
2620
451
280
886
1986
1444
774
346
1089
2292
1227
2030
1389
2446
936
2121
2264
2982
1393
1636
506
1379
81
1845
750